-0.4285714285714286 0.4375000000001737 0   2.782041370579497e-06   -3.384123865950947e-06  
-0.2857142857142858 0.4375000000001737 0   1.38736912082319e-06   -2.861139770745673e-06  
-0.1428571428571428 0.4375000000001737 0   -7.275251908990339e-07   -1.579050116080898e-06  
-2.775557561562891e-17 0.4375000000001737 0   -1.695875661937671e-06   -1.015637047529729e-06  
0.1428571428571428 0.4375000000001737 0   -7.270413439849202e-07   -1.573277189022062e-06  
0.2857142857142857 0.4375000000001737 0   1.400777717831942e-06   -2.83836064656477e-06  
0.4285714285714285 0.4375000000001737 0   2.81770404584653e-06   -3.365891457614967e-06  
-0.4285714285714286 0.3125000000005211 0   2.983729113338087e-06   4.961417707658484e-07  
-0.2857142857142858 0.3125000000005211 0   2.014369046792762e-06   1.679311264219849e-07  
-0.1428571428571428 0.3125000000005211 0   4.628344617175037e-07   2.030787974913793e-07  
-2.775557561562891e-17 0.3125000000005211 0   -3.658384235224396e-07   3.154983427900641e-07  
0.1428571428571428 0.3125000000005211 0   4.62235528320868e-07   1.995393146768804e-07  
0.2857142857142857 0.3125000000005211 0   2.017370078196912e-06   1.71795523389318e-07  
0.4285714285714285 0.3125000000005211 0   3.003567525746136e-06   5.029017719920924e-07  
-0.4285714285714286 0.1875000000008683 0   9.312300303498062e-07   4.084196794903418e-06  
-0.2857142857142858 0.1875000000008683 0   7.05645538340256e-07   2.838569788848922e-06  
-0.1428571428571428 0.1875000000008683 0   4.886576171161677e-07   1.557290212500302e-06  
-2.775557561562891e-17 0.1875000000008683 0   4.28780405783151e-07   1.106530313233994e-06  
0.1428571428571428 0.1875000000008683 0   4.952986856722694e-07   1.5536010009119e-06  
0.2857142857142857 0.1875000000008683 0   7.087496716245913e-07   2.833588898797856e-06  
0.4285714285714285 0.1875000000008683 0   9.312863100927951e-07   4.07766621124416e-06  
-0.4285714285714286 0.06250000000120995 0   -2.033379789580039e-06   3.307463016364555e-06  
-0.2857142857142858 0.06250000000120995 0   -1.397890104263759e-06   2.127138080896603e-06  
-0.1428571428571428 0.06250000000120995 0   -1.471125663685942e-07   6.55576213653988e-07  
-2.775557561562891e-17 0.06250000000120995 0   5.95458675837506e-07   -8.350362547922072e-08  
0.1428571428571428 0.06250000000120995 0   -1.336926717924647e-07   6.652114544596471e-07  
0.2857142857142857 0.06250000000120995 0   -1.392946078494643e-06   2.141151409866533e-06  
0.4285714285714285 0.06250000000120995 0   -2.049438885083632e-06   3.318228396488086e-06  
-0.4285714285714286 -0.06249999999879009 0   -3.332086841274098e-06   -4.351954986688611e-07  
-0.2857142857142858 -0.06249999999879009 0   -2.173824409560151e-06   -9.69028780818349e-07  
-0.1428571428571428 -0.06249999999879009 0   -3.042845819529491e-07   -1.664908170599875e-06  
-2.775557561562891e-17 -0.06249999999879009 0   6.164693538943755e-07   -2.158835778883273e-06  
0.1428571428571428 -0.06249999999879009 0   -2.981750060105055e-07   -1.648402361457987e-06  
0.2857142857142857 -0.06249999999879009 0   -2.175413302525106e-06   -9.410945943166209e-07  
0.4285714285714285 -0.06249999999879009 0   -3.350958180346636e-06   -4.117241911064085e-07  
-0.4285714285714286 -0.1874999999991318 0   -1.462729558745745e-06   -3.263913946694165e-06  
-0.2857142857142858 -0.1874999999991318 0   -5.412207241775805e-07   -2.727609298932972e-06  
-0.1428571428571428 -0.1874999999991318 0   5.092519069381241e-07   -2.07051937932845e-06  
-2.775557561562891e-17 -0.1874999999991318 0   9.408355142616561e-07   -2.010846931433985e-06  
0.1428571428571428 -0.1874999999991318 0   5.095110463137404e-07   -2.061716656221624e-06  
0.2857142857142857 -0.1874999999991318 0   -5.416486550806137e-07   -2.715898529980653e-06  
0.4285714285714285 -0.1874999999991318 0   -1.461758925686068e-06   -3.255568387870127e-06  
-0.4285714285714286 -0.312499999999479 0   1.831529839546494e-06   -2.366276860501233e-06  
-0.2857142857142858 -0.312499999999479 0   1.714211542874681e-06   -8.836518883104149e-07  
-0.1428571428571428 -0.312499999999479 0   8.484402884069564e-07   6.357767221087234e-07  
-2.775557561562891e-17 -0.312499999999479 0   3.866307877323589e-07   1.100147890457514e-06  
0.1428571428571428 -0.312499999999479 0   8.456997704447581e-07   6.325627485348854e-07  
0.2857142857142857 -0.312499999999479 0   1.715440994636599e-06   -9.08150711945681e-07  
0.4285714285714285 -0.312499999999479 0   1.842965474389554e-06   -2.395417443394209e-06  
-0.4285714285714286 -0.4374999999998264 0   2.998297901035123e-06   5.621740319403939e-07  
-0.2857142857142858 -0.4374999999998264 0   1.571166433693728e-06   2.237306511755013e-06  
-0.1428571428571428 -0.4374999999998264 0   -6.474111232814832e-07   3.202063179890403e-06  
-2.775557561562891e-17 -0.4374999999998264 0   -1.563982906828596e-06   3.403925897827769e-06  
0.1428571428571428 -0.4374999999998264 0   -6.538898164300078e-07   3.199952185419804e-06  
0.2857142857142857 -0.4374999999998264 0   1.568115131491213e-06   2.206181377983932e-06  
0.4285714285714285 -0.4374999999998264 0   2.998075935063283e-06   5.219314275549528e-07  
