-0.4285714285714286 0.4375000000001737 0   39.82717522954376   -24.55708075505639  
-0.2857142857142858 0.4375000000001737 0   28.15313822006053   -10.15010005029019  
-0.1428571428571428 0.4375000000001737 0   19.15353845978953   9.023485074020421  
-2.775557561562891e-17 0.4375000000001737 0   23.0552757247853   19.53258603021798  
0.1428571428571428 0.4375000000001737 0   29.60510374538751   11.46128353831974  
0.2857142857142857 0.4375000000001737 0   40.25132880277333   -10.99618196905696  
0.4285714285714285 0.4375000000001737 0   39.49944417793102   -27.3161958302945  
-0.4285714285714286 0.3125000000005211 0   -24.27342967133966   -34.39566510304822  
-0.2857142857142858 0.3125000000005211 0   -23.46786821885063   -26.58881783246416  
-0.1428571428571428 0.3125000000005211 0   -15.53184767623932   -14.14543202138698  
-2.775557561562891e-17 0.3125000000005211 0   -3.357719291126168   -1.852372878591311  
0.1428571428571428 0.3125000000005211 0   -10.38416679835157   -7.098706940367101  
0.2857142857142857 0.3125000000005211 0   -22.26618783311162   -23.38914250868879  
0.4285714285714285 0.3125000000005211 0   -26.59414646531972   -35.1962119928538  
-0.4285714285714286 0.1875000000008683 0   -80.45511746351363   -24.7752836981215  
-0.2857142857142858 0.1875000000008683 0   -62.13754945580511   -20.6253579230618  
-0.1428571428571428 0.1875000000008683 0   -24.51676562414197   -11.65438484995063  
-2.775557561562891e-17 0.1875000000008683 0   0.2082080678738087   -3.054190760377899  
0.1428571428571428 0.1875000000008683 0   -26.68016428795602   -5.381857109887225  
0.2857142857142857 0.1875000000008683 0   -70.31426142901142   -13.43109468105341  
0.4285714285714285 0.1875000000008683 0   -80.49486363730649   -19.76340274648332  
-0.4285714285714286 0.06250000000120995 0   -73.57065103451487   0.963242545467148  
-0.2857142857142858 0.06250000000120995 0   -56.24036529384165   -0.08311612544263447  
-0.1428571428571428 0.06250000000120995 0   -1.118352340550693   3.418234525551986  
-2.775557561562891e-17 0.06250000000120995 0   37.94921807926814   6.921073877252956  
0.1428571428571428 0.06250000000120995 0   1.120702058741387   7.398157221330043  
0.2857142857142857 0.06250000000120995 0   -50.10422489645491   10.98215188921599  
0.4285714285714285 0.06250000000120995 0   -58.84393917641451   12.83379972938067  
-0.4285714285714286 -0.06249999999879009 0   -20.84616562057455   26.42977972724076  
-0.2857142857142858 -0.06249999999879009 0   -11.40078853270023   16.87152068831712  
-0.1428571428571428 -0.06249999999879009 0   25.63152109943432   9.517657471159279  
-2.775557561562891e-17 -0.06249999999879009 0   57.34272729863624   4.711880532341748  
0.1428571428571428 -0.06249999999879009 0   33.56311405780412   7.559053260250106  
0.2857142857142857 -0.06249999999879009 0   7.196365958515862   24.55804845369306  
0.4285714285714285 -0.06249999999879009 0   6.58168987066859   42.48696511974599  
-0.4285714285714286 -0.1874999999991318 0   37.74902171845085   29.99702175361281  
-0.2857142857142858 -0.1874999999991318 0   21.90446732136261   17.36756387758448  
-0.1428571428571428 -0.1874999999991318 0   31.11489186430567   5.650398087496814  
-2.775557561562891e-17 -0.1874999999991318 0   54.8611443837991   -7.90345746427478  
0.1428571428571428 -0.1874999999991318 0   41.97554339589069   -9.598968928952026  
0.2857142857142857 -0.1874999999991318 0   40.36829869927756   16.23213450706066  
0.4285714285714285 -0.1874999999991318 0   57.44592962427507   46.68319730396578  
-0.4285714285714286 -0.312499999999479 0   43.09238265896414   -11.1827487211428  
-0.2857142857142858 -0.312499999999479 0   4.384841551747842   -3.75510181613334  
-0.1428571428571428 -0.312499999999479 0   -4.238775879901315   3.778257418813865  
-2.775557561562891e-17 -0.312499999999479 0   3.904532022058604   -10.98422950189678  
0.1428571428571428 -0.312499999999479 0   -1.029872399698718   -27.17969408780932  
0.2857142857142857 -0.312499999999479 0   13.34225562916477   -17.55657846033276  
0.4285714285714285 -0.312499999999479 0   36.04954135205995   -4.715124214483353  
-0.4285714285714286 -0.4374999999998264 0   -1.766600691639063   -42.54548907859692  
-0.2857142857142858 -0.4374999999998264 0   -43.79509917510097   -13.63764820792429  
-0.1428571428571428 -0.4374999999998264 0   -47.82353809530435   17.64060536358662  
-2.775557561562891e-17 -0.4374999999998264 0   -47.71814706464229   16.20341455035996  
0.1428571428571428 -0.4374999999998264 0   -52.59398401936782   -6.134261423808953  
0.2857142857142857 -0.4374999999998264 0   -32.05264738567647   -30.41696912374238  
0.4285714285714285 -0.4374999999998264 0   -8.729771765196752   -49.77410945966554  
